1766340848325 0.0006662297946701617 0
1766341025176 0.0012669180865006555 1
1766341199500 0.001801606378331149 2
1766341372482 0.001703 3
1766341546796 0.0016040000000000002 4
1766341741637 0.0015049999999999998 5
1766341924963 0.001406 6
1766342098332 0.001307 7
1766342272252 0.001208 8
1766342445874 0.001109 9
1766342629823 0.00101 10
1766342802395 0.0009109999999999999 11
1766342975542 0.0008120000000000001 12
1766343149259 0.000713 13
1766343322070 0.0006140000000000001 14
1766343494947 0.000515 15
1766343667861 0.0004159999999999999 16
1766343840829 0.00031700000000000006 17
1766344014006 0.00021799999999999996 18
1766344187558 0.0001190000000000001 19
