0 0.23359375 0.83046875 0.45 0.3375
0 0.6734375 0.66875 0.24140625 0.29609375
0 0.4546875 0.55546875 0.19609375 0.31953125
0 0.24921875 0.5296875 0.19609375 0.24765625
0 0.07890625 0.5453125 0.140625 0.2375
0 0.90703125 0.73828125 0.1546875 0.25390625
0 0.89453125 0.459375 0.178125 0.24453125
0 0.66875 0.40234375 0.10078125 0.20703125
0 0.515625 0.1125 0.14375 0.1875
0 0.6859375 0.17421875 0.0859375 0.0984375
0 0.46796875 0.29140625 0.2015625 0.2171875
0 0.23515625 0.21484375 0.19140625 0.25390625