0 0.6921875 0.175 0.4859375 0.34453125
0 0.6546875 0.36171875 0.56328125 0.38203125
0 0.73515625 0.584375 0.1796875 0.1578125
0 0.59765625 0.51171875 0.14921875 0.1375
0 0.32578125 0.42734375 0.1828125 0.153125
0 0.29765625 0.565625 0.184375 0.17890625
0 0.41875 0.60390625 0.14453125 0.15859375
0 0.53671875 0.66484375 0.16484375 0.16015625
0 0.6421875 0.7078125 0.18671875 0.18984375
0 0.80390625 0.7875 0.21953125 0.20625
0 0.5234375 0.9125 0.19765625 0.125
0 0.37265625 0.76484375 0.18671875 0.11953125