0 0.08984375 0.19296875 0.0859375 0.0921875
0 0.1859375 0.19921875 0.06875 0.0859375
0 0.28125 0.21015625 0.078125 0.0765625
0 0.3609375 0.21328125 0.05625 0.0828125
0 0.440625 0.21875 0.071875 0.075
0 0.1171875 0.40234375 0.115625 0.0796875
0 0.2453125 0.4 0.109375 0.075
0 0.3828125 0.38671875 0.09375 0.0890625
0 0.453125 0.3859375 0.071875 0.065625
0 0.303125 0.578125 0.059375 0.071875
0 0.35859375 0.5578125 0.0546875 0.075
0 0.22734375 0.6125 0.0828125 0.0625
0 0.4796875 0.559375 0.0875 0.059375
0 0.1109375 0.82578125 0.075 0.0859375
0 0.22421875 0.7890625 0.0984375 0.06875
0 0.4671875 0.71796875 0.08125 0.0640625
0 0.55 0.74765625 0.071875 0.3234375
0 0.36875 0.91796875 0.25 0.1109375