0 0.86640625 0.30703125 0.26484375 0.17734375
0 0.86640625 0.096875 0.26484375 0.17265625
0 0.89375 0.8 0.21015625 0.17890625
0 0.7671875 0.721875 0.10234375 0.16484375
0 0.7265625 0.50234375 0.1 0.20390625
0 0.6734375 0.54765625 0.07890625 0.15390625
0 0.67578125 0.32421875 0.11171875 0.16484375
0 0.69375 0.11953125 0.08203125 0.17265625
0 0.48984375 0.06171875 0.09609375 0.12265625
0 0.5296875 0.22890625 0.16328125 0.16640625
0 0.54609375 0.428125 0.1640625 0.16484375
0 0.553125 0.6375 0.13515625 0.15390625
0 0.67109375 0.75390625 0.1 0.17109375
0 0.37265625 0.90078125 0.15234375 0.17734375
0 0.53671875 0.84453125 0.15234375 0.20625