1766401432878 0.0006662297946701617 0
1766401668479 0.0012449252948885977 1
1766401927958 0.0017356207951070338 2
1766402164136 0.0016040000000000002 3
1766402404143 0.0014720000000000002 4
1766402678329 0.00134 5
1766402926427 0.001208 6
1766403181040 0.0010760000000000001 7
1766403439396 0.0009440000000000001 8
1766403689839 0.0008120000000000001 9
1766403945492 0.00068 10
1766404197600 0.0005480000000000002 11
1766404455551 0.0004159999999999999 12
1766404644867 0.00028399999999999996 13
1766404818086 0.00015199999999999998 14
