1766340868546 0.40355 0
1766341045506 0.51354 1
1766341219412 0.57181 2
1766341392644 0.64997 3
1766341576868 0.7287 4
1766341761352 0.75716 5
1766341944971 0.77662 6
1766342118182 0.7561 7
1766342292257 0.81957 8
1766342465852 0.83333 9
1766342649671 0.84617 10
1766342822244 0.86275 11
1766342995444 0.88555 12
1766343169010 0.88151 13
1766343341795 0.89425 14
1766343514733 0.90443 15
1766343687648 0.90403 16
1766343860654 0.9132 17
1766344033701 0.91721 18
1766344207411 0.9221 19
1766344228307 0.9220481322622386 19
