1766340868546 0.17172 0
1766341045506 0.21735 1
1766341219412 0.28946 2
1766341392644 0.32082 3
1766341576868 0.36349 4
1766341761352 0.40654 5
1766341944971 0.41429 6
1766342118182 0.41229 7
1766342292257 0.45629 8
1766342465852 0.467 9
1766342649671 0.48956 10
1766342822244 0.50196 11
1766342995444 0.51973 12
1766343169010 0.52049 13
1766343341795 0.53191 14
1766343514733 0.53719 15
1766343687648 0.54813 16
1766343860654 0.55221 17
1766344033701 0.56052 18
1766344207411 0.56917 19
1766344228307 0.5690738094552069 19
