1766340868546 0.44719 0
1766341045506 0.57259 1
1766341219412 0.62171 2
1766341392644 0.68824 3
1766341576868 0.77614 4
1766341761352 0.79637 5
1766341944971 0.79315 6
1766342118182 0.77015 7
1766342292257 0.86002 8
1766342465852 0.85107 9
1766342649671 0.85515 10
1766342822244 0.88003 11
1766342995444 0.87801 12
1766343169010 0.89095 13
1766343341795 0.88879 14
1766343514733 0.90847 15
1766343687648 0.89773 16
1766343860654 0.90821 17
1766344033701 0.90812 18
1766344207411 0.91954 19
1766344228307 0.9206273292920787 19
