1766340868546 0.44149 0
1766341045506 0.48371 1
1766341219412 0.52854 2
1766341392644 0.57258 3
1766341576868 0.62549 4
1766341761352 0.65859 5
1766341944971 0.68153 6
1766342118182 0.68882 7
1766342292257 0.70941 8
1766342465852 0.73125 9
1766342649671 0.75241 10
1766342822244 0.76466 11
1766342995444 0.79724 12
1766343169010 0.78004 13
1766343341795 0.80611 14
1766343514733 0.81737 15
1766343687648 0.81913 16
1766343860654 0.83812 17
1766344033701 0.83998 18
1766344207411 0.83996 19
1766344228307 0.8391972895491269 19
